0.000000000000000000e+00 -4.045603577868663731e-02 -1.512695153529018732e+00 0.000000000000000000e+00 0.000000000000000000e+00 0.000000000000000000e+00 0.000000000000000000e+00
0.000000000000000000e+00 -4.045603577868663731e-02 -1.512695153529018732e+00 0.000000000000000000e+00 0.000000000000000000e+00 0.000000000000000000e+00 0.000000000000000000e+00
0.000000000000000000e+00 -4.045603577868663731e-02 -1.512695153529018732e+00 0.000000000000000000e+00 0.000000000000000000e+00 0.000000000000000000e+00 0.000000000000000000e+00
0.000000000000000000e+00 -4.045603577868663731e-02 -1.512695153529018732e+00 0.000000000000000000e+00 0.000000000000000000e+00 0.000000000000000000e+00 0.000000000000000000e+00
0.000000000000000000e+00 -4.045603577868663731e-02 -1.512695153529018732e+00 0.000000000000000000e+00 0.000000000000000000e+00 0.000000000000000000e+00 0.000000000000000000e+00
0.000000000000000000e+00 -4.045603577868663731e-02 -1.512695153529018732e+00 0.000000000000000000e+00 0.000000000000000000e+00 0.000000000000000000e+00 0.000000000000000000e+00
0.000000000000000000e+00 -4.045603577868663731e-02 -1.512695153529018732e+00 0.000000000000000000e+00 0.000000000000000000e+00 0.000000000000000000e+00 0.000000000000000000e+00
0.000000000000000000e+00 -4.045603577868663731e-02 -1.512695153529018732e+00 0.000000000000000000e+00 0.000000000000000000e+00 0.000000000000000000e+00 0.000000000000000000e+00
0.000000000000000000e+00 -4.045603577868663731e-02 -1.512695153529018732e+00 0.000000000000000000e+00 0.000000000000000000e+00 0.000000000000000000e+00 0.000000000000000000e+00
0.000000000000000000e+00 -4.045603577868663731e-02 -1.512695153529018732e+00 0.000000000000000000e+00 0.000000000000000000e+00 0.000000000000000000e+00 0.000000000000000000e+00
0.000000000000000000e+00 -4.045603577868663731e-02 -1.512695153529018732e+00 0.000000000000000000e+00 0.000000000000000000e+00 0.000000000000000000e+00 0.000000000000000000e+00
0.000000000000000000e+00 -4.045603577868663731e-02 -1.512695153529018732e+00 0.000000000000000000e+00 0.000000000000000000e+00 0.000000000000000000e+00 0.000000000000000000e+00
0.000000000000000000e+00 -4.045603577868663731e-02 -1.512695153529018732e+00 0.000000000000000000e+00 0.000000000000000000e+00 0.000000000000000000e+00 0.000000000000000000e+00
0.000000000000000000e+00 -4.045603577868663731e-02 -1.512695153529018732e+00 0.000000000000000000e+00 0.000000000000000000e+00 0.000000000000000000e+00 0.000000000000000000e+00
0.000000000000000000e+00 -4.045603577868663731e-02 -1.512695153529018732e+00 0.000000000000000000e+00 0.000000000000000000e+00 0.000000000000000000e+00 0.000000000000000000e+00
0.000000000000000000e+00 -4.045603577868663731e-02 -1.512695153529018732e+00 0.000000000000000000e+00 0.000000000000000000e+00 0.000000000000000000e+00 0.000000000000000000e+00
0.000000000000000000e+00 -4.045603577868663731e-02 -1.512695153529018732e+00 0.000000000000000000e+00 0.000000000000000000e+00 0.000000000000000000e+00 0.000000000000000000e+00
0.000000000000000000e+00 -4.045603577868663731e-02 -1.512695153529018732e+00 0.000000000000000000e+00 0.000000000000000000e+00 0.000000000000000000e+00 0.000000000000000000e+00
0.000000000000000000e+00 -4.045603577868663731e-02 -1.512695153529018732e+00 0.000000000000000000e+00 0.000000000000000000e+00 0.000000000000000000e+00 0.000000000000000000e+00
0.000000000000000000e+00 -4.045603577868663731e-02 -1.512695153529018732e+00 0.000000000000000000e+00 0.000000000000000000e+00 0.000000000000000000e+00 0.000000000000000000e+00
0.000000000000000000e+00 -4.045603577868663731e-02 -1.512695153529018732e+00 0.000000000000000000e+00 0.000000000000000000e+00 0.000000000000000000e+00 0.000000000000000000e+00
0.000000000000000000e+00 -4.045603577868663731e-02 -1.512695153529018732e+00 0.000000000000000000e+00 0.000000000000000000e+00 0.000000000000000000e+00 0.000000000000000000e+00
0.000000000000000000e+00 -4.045603577868663731e-02 -1.512695153529018732e+00 0.000000000000000000e+00 0.000000000000000000e+00 0.000000000000000000e+00 0.000000000000000000e+00
0.000000000000000000e+00 -4.045603577868663731e-02 -1.512695153529018732e+00 0.000000000000000000e+00 0.000000000000000000e+00 0.000000000000000000e+00 0.000000000000000000e+00
0.000000000000000000e+00 -4.045603577868663731e-02 -1.512695153529018732e+00 0.000000000000000000e+00 0.000000000000000000e+00 0.000000000000000000e+00 0.000000000000000000e+00
0.000000000000000000e+00 -4.045603577868663731e-02 -1.512695153529018732e+00 0.000000000000000000e+00 0.000000000000000000e+00 0.000000000000000000e+00 0.000000000000000000e+00
0.000000000000000000e+00 -4.045603577868663731e-02 -1.512695153529018732e+00 0.000000000000000000e+00 0.000000000000000000e+00 0.000000000000000000e+00 0.000000000000000000e+00
0.000000000000000000e+00 -4.045603577868663731e-02 -1.512695153529018732e+00 0.000000000000000000e+00 0.000000000000000000e+00 0.000000000000000000e+00 0.000000000000000000e+00
0.000000000000000000e+00 -4.045603577868663731e-02 -1.512695153529018732e+00 0.000000000000000000e+00 0.000000000000000000e+00 0.000000000000000000e+00 0.000000000000000000e+00
0.000000000000000000e+00 -4.045603577868663731e-02 -1.512695153529018732e+00 0.000000000000000000e+00 0.000000000000000000e+00 0.000000000000000000e+00 0.000000000000000000e+00
0.000000000000000000e+00 -4.045603577868663731e-02 -1.512695153529018732e+00 0.000000000000000000e+00 0.000000000000000000e+00 0.000000000000000000e+00 0.000000000000000000e+00
0.000000000000000000e+00 -4.045603577868663731e-02 -1.512695153529018732e+00 0.000000000000000000e+00 0.000000000000000000e+00 0.000000000000000000e+00 0.000000000000000000e+00
0.000000000000000000e+00 -4.045603577868663731e-02 -1.512695153529018732e+00 0.000000000000000000e+00 0.000000000000000000e+00 0.000000000000000000e+00 0.000000000000000000e+00
0.000000000000000000e+00 -4.045603577868663731e-02 -1.512695153529018732e+00 0.000000000000000000e+00 0.000000000000000000e+00 0.000000000000000000e+00 0.000000000000000000e+00
0.000000000000000000e+00 -4.045603577868663731e-02 -1.512695153529018732e+00 0.000000000000000000e+00 0.000000000000000000e+00 0.000000000000000000e+00 0.000000000000000000e+00
0.000000000000000000e+00 -4.045603577868663731e-02 -1.512695153529018732e+00 0.000000000000000000e+00 0.000000000000000000e+00 0.000000000000000000e+00 0.000000000000000000e+00
0.000000000000000000e+00 -4.045603577868663731e-02 -1.512695153529018732e+00 0.000000000000000000e+00 0.000000000000000000e+00 0.000000000000000000e+00 0.000000000000000000e+00
0.000000000000000000e+00 -4.045603577868663731e-02 -1.512695153529018732e+00 0.000000000000000000e+00 0.000000000000000000e+00 0.000000000000000000e+00 0.000000000000000000e+00
0.000000000000000000e+00 -4.045603577868663731e-02 -1.512695153529018732e+00 0.000000000000000000e+00 0.000000000000000000e+00 0.000000000000000000e+00 0.000000000000000000e+00
0.000000000000000000e+00 -4.045603577868663731e-02 -1.512695153529018732e+00 0.000000000000000000e+00 0.000000000000000000e+00 0.000000000000000000e+00 0.000000000000000000e+00
0.000000000000000000e+00 -4.045603577868663731e-02 -1.512695153529018732e+00 0.000000000000000000e+00 2.014306061698854734e-05 -1.290815386108980006e-06 0.000000000000000000e+00
0.000000000000000000e+00 -1.402518081464638466e-01 -1.506300002320849707e+00 0.000000000000000000e+00 2.046657476762832851e-05 -2.774565440645879217e-06 0.000000000000000000e+00
0.000000000000000000e+00 -2.393458465276283031e-01 -1.492866250098602521e+00 0.000000000000000000e+00 2.070065416250371887e-05 -4.314758251150439861e-06 0.000000000000000000e+00
0.000000000000000000e+00 -3.372423451602327704e-01 -1.472461111115174415e+00 0.000000000000000000e+00 2.084005260988438889e-05 -5.907968277207638301e-06 0.000000000000000000e+00
0.000000000000000000e+00 -4.334514900363945489e-01 -1.445186680165031490e+00 0.000000000000000000e+00 2.087954342180571088e-05 -7.550540836494086462e-06 0.000000000000000000e+00
0.000000000000000000e+00 -5.274919096310364264e-01 -1.411179421764503950e+00 0.000000000000000000e+00 2.081391229543922398e-05 -9.238601887214324440e-06 0.000000000000000000e+00
0.000000000000000000e+00 -6.188930833896134631e-01 -1.370609487367085322e+00 0.000000000000000000e+00 2.063794625407850352e-05 -1.096806855673261991e-05 0.000000000000000000e+00
0.000000000000000000e+00 -7.071976959242518568e-01 -1.323679864029965625e+00 0.000000000000000000e+00 2.034641796744637046e-05 -1.273466035515032939e-05 0.000000000000000000e+00
0.000000000000000000e+00 -7.919639251393285617e-01 -1.270625358791356074e+00 0.000000000000000000e+00 1.993406463440650943e-05 -1.453391100423217637e-05 0.000000000000000000e+00
0.000000000000000000e+00 -8.727676528381270726e-01 -1.211711423840150736e+00 0.000000000000000000e+00 1.939556043896070489e-05 -1.636118080262138059e-05 0.000000000000000000e+00
0.000000000000000000e+00 -9.492045867500492617e-01 -1.147232828356059997e+00 0.000000000000000000e+00 1.872548137213210102e-05 -1.821166943736754839e-05 0.000000000000000000e+00
0.000000000000000000e+00 -1.020892283361051200e+00 -1.077512183665513934e+00 0.000000000000000000e+00 1.791826093393382300e-05 -2.008042913892801065e-05 0.000000000000000000e+00
0.000000000000000000e+00 -1.087472061426315806e+00 -1.002898329092542173e+00 0.000000000000000000e+00 1.696813487220640465e-05 -2.196237806133195976e-05 0.000000000000000000e+00
0.000000000000000000e+00 -1.148610796591106320e+00 -9.237645865808539192e-01 0.000000000000000000e+00 1.586907265316873239e-05 -2.385231375025239337e-05 0.000000000000000000e+00
0.000000000000000000e+00 -1.204002588140624441e+00 -8.405068928199104228e-01 0.000000000000000000e+00 1.461469275710404096e-05 -2.574492653805699781e-05 0.000000000000000000e+00
0.000000000000000000e+00 -1.253370289539484039e+00 -7.535418182206807813e-01 0.000000000000000000e+00 1.319815810354870399e-05 -2.763481267482911408e-05 0.000000000000000000e+00
0.000000000000000000e+00 -1.296466895102906802e+00 -6.633044826529275184e-01 0.000000000000000000e+00 1.161204686660769820e-05 -2.951648696552351830e-05 0.000000000000000000e+00
0.000000000000000000e+00 -1.333076775861604224e+00 -5.702463783723732416e-01 0.000000000000000000e+00 9.848192548137650975e-06 -3.138439463246036639e-05 0.000000000000000000e+00
0.000000000000000000e+00 -1.363016758436824905e+00 -4.748331110304988556e-01 0.000000000000000000e+00 7.897485300240058266e-06 -3.323292205459520886e-05 0.000000000000000000e+00
0.000000000000000000e+00 -1.386137041527542690e+00 -3.775420700695686360e-01 0.000000000000000000e+00 5.749623935310915385e-06 -3.505640594354239624e-05 0.000000000000000000e+00
0.000000000000000000e+00 -1.402321945424246152e+00 -2.788600401587939537e-01 0.000000000000000000e+00 3.392804549734498510e-06 -3.684914039122929414e-05 0.000000000000000000e+00
0.000000000000000000e+00 -1.411490490799221176e+00 -1.792807656225554602e-01 0.000000000000000000e+00 8.133267991873856312e-07 -3.860538105059743458e-05 0.000000000000000000e+00
0.000000000000000000e+00 -1.413596803877416708e+00 -7.930248004677076246e-02 0.000000000000000000e+00 -2.004908026058481018e-06 -4.031934546677135131e-05 0.000000000000000000e+00
0.000000000000000000e+00 -1.408630345960665942e+00 2.057458657624189335e-02 0.000000000000000000e+00 -5.081042821594308324e-06 -4.198520822797166140e-05 0.000000000000000000e+00
0.000000000000000000e+00 -1.396615966156865118e+00 1.198507106916922860e-01 0.000000000000000000e+00 -8.438104356926179567e-06 -4.359708910085014790e-05 0.000000000000000000e+00
0.000000000000000000e+00 -1.377613777050285204e+00 2.180291754923517900e-01 0.000000000000000000e+00 -1.210410784359648615e-05 -4.514903157141232496e-05 0.000000000000000000e+00
0.000000000000000000e+00 -1.351718853935087061e+00 3.146187561846527370e-01 0.000000000000000000e+00 -1.611352895926846930e-05 -4.663496809743838327e-05 0.000000000000000000e+00
0.000000000000000000e+00 -1.319060759116889692e+00 4.091361777761359786e-01 0.000000000000000000e+00 -2.050929417986876828e-05 -4.804866667232321318e-05 0.000000000000000000e+00
0.000000000000000000e+00 -1.279802893662493890e+00 5.011085330869634591e-01 0.000000000000000000e+00 -2.534551570663136550e-05 -4.938365063434112029e-05 0.000000000000000000e+00
0.000000000000000000e+00 -1.234141679841212147e+00 5.900756488872607175e-01 0.000000000000000000e+00 -3.069131797439441555e-05 -5.063307938916507684e-05 0.000000000000000000e+00
0.000000000000000000e+00 -1.182305578348358699e+00 6.755923883215910752e-01 0.000000000000000000e+00 -3.663630102466915997e-05 -5.178957070386503385e-05 0.000000000000000000e+00
0.000000000000000000e+00 -1.124553945228121465e+00 7.572308781006287237e-01 0.000000000000000000e+00 -4.329852161438745023e-05 -5.284493336698363442e-05 0.000000000000000000e+00
0.000000000000000000e+00 -1.061175734215061839e+00 8.345826493165510174e-01 0.000000000000000000e+00 -5.083646022138919537e-05 -5.378975824613125699e-05 0.000000000000000000e+00
0.000000000000000000e+00 -9.924880509869318246e-01 9.072606811708112673e-01 0.000000000000000000e+00 -5.946750993054659848e-05 -5.461277802099994555e-05 0.000000000000000000e+00
0.000000000000000000e+00 -9.188345665624533254e-01 9.749013373887207567e-01 0.000000000000000000e+00 -6.949755209382339218e-05 -5.529983413430866968e-05 0.000000000000000000e+00
0.000000000000000000e+00 -8.405837977824128782e-01 1.037166185632245607e+00 0.000000000000000000e+00 -8.137024157979427037e-05 -5.583214602605414677e-05 0.000000000000000000e+00
0.000000000000000000e+00 -7.581272634775283459e-01 1.093743690807747582e+00 0.000000000000000000e+00 -9.575324777026562471e-05 -5.618327281563634766e-05 0.000000000000000000e+00
0.000000000000000000e+00 -6.718775255484615849e-01 1.144350773796432019e+00 0.000000000000000000e+00 -1.136984086649027616e-04 -5.631346065105028511e-05 0.000000000000000000e+00
0.000000000000000000e+00 -5.822661247592184619e-01 1.188734227808557309e+00 0.000000000000000000e+00 -1.369620356557438409e-04 -5.615832649881500411e-05 0.000000000000000000e+00
0.000000000000000000e+00 -4.897414215719806396e-01 1.226671985274831789e+00 0.000000000000000000e+00 -1.687095989795192369e-04 -5.560395001588194379e-05 0.000000000000000000e+00
0.000000000000000000e+00 -3.947663528264602761e-01 1.257974228936272532e+00 0.000000000000000000e+00 -2.152775337813411685e-04 -5.442458673701878579e-05 0.000000000000000000e+00
0.000000000000000000e+00 -2.978161154880332728e-01 1.282484341573288944e+00 0.000000000000000000e+00 -2.914591456234546900e-04 -5.209577512615243370e-05 0.000000000000000000e+00
0.000000000000000000e+00 -1.993757890537114497e-01 1.300079689622146928e+00 0.000000000000000000e+00 -4.416517012734701652e-04 -4.704662285554543660e-05 0.000000000000000000e+00
0.000000000000000000e+00 -9.993790851198963709e-02 1.310672236758072984e+00 0.000000000000000000e+00 -8.879423235183395765e-04 -3.142379046581089024e-05 0.000000000000000000e+00
0.000000000000000000e+00 -5.194002205399572236e-16 1.314208984375000000e+00 0.000000000000000000e+00 0.000000000000000000e+00 0.000000000000000000e+00 0.000000000000000000e+00
0.000000000000000000e+00 -5.194002205399572236e-16 1.314208984375000000e+00 0.000000000000000000e+00 0.000000000000000000e+00 0.000000000000000000e+00 0.000000000000000000e+00
0.000000000000000000e+00 -5.194002205399572236e-16 1.314208984375000000e+00 0.000000000000000000e+00 0.000000000000000000e+00 0.000000000000000000e+00 0.000000000000000000e+00
0.000000000000000000e+00 -5.194002205399572236e-16 1.314208984375000000e+00 0.000000000000000000e+00 0.000000000000000000e+00 0.000000000000000000e+00 0.000000000000000000e+00
0.000000000000000000e+00 -5.194002205399572236e-16 1.314208984375000000e+00 0.000000000000000000e+00 0.000000000000000000e+00 0.000000000000000000e+00 0.000000000000000000e+00
0.000000000000000000e+00 -5.194002205399572236e-16 1.314208984375000000e+00 0.000000000000000000e+00 0.000000000000000000e+00 0.000000000000000000e+00 0.000000000000000000e+00
0.000000000000000000e+00 -5.194002205399572236e-16 1.314208984375000000e+00 0.000000000000000000e+00 0.000000000000000000e+00 0.000000000000000000e+00 0.000000000000000000e+00
0.000000000000000000e+00 -5.194002205399572236e-16 1.314208984375000000e+00 0.000000000000000000e+00 0.000000000000000000e+00 0.000000000000000000e+00 0.000000000000000000e+00
0.000000000000000000e+00 -5.194002205399572236e-16 1.314208984375000000e+00 0.000000000000000000e+00 0.000000000000000000e+00 0.000000000000000000e+00 0.000000000000000000e+00
0.000000000000000000e+00 -5.194002205399572236e-16 1.314208984375000000e+00 0.000000000000000000e+00 0.000000000000000000e+00 0.000000000000000000e+00 0.000000000000000000e+00
0.000000000000000000e+00 -5.194002205399572236e-16 1.314208984375000000e+00 0.000000000000000000e+00 0.000000000000000000e+00 0.000000000000000000e+00 0.000000000000000000e+00
0.000000000000000000e+00 -5.194002205399572236e-16 1.314208984375000000e+00 0.000000000000000000e+00 0.000000000000000000e+00 0.000000000000000000e+00 0.000000000000000000e+00
0.000000000000000000e+00 -5.194002205399572236e-16 1.314208984375000000e+00 0.000000000000000000e+00 0.000000000000000000e+00 0.000000000000000000e+00 0.000000000000000000e+00
0.000000000000000000e+00 -5.194002205399572236e-16 1.314208984375000000e+00 0.000000000000000000e+00 0.000000000000000000e+00 0.000000000000000000e+00 0.000000000000000000e+00
0.000000000000000000e+00 -5.194002205399572236e-16 1.314208984375000000e+00 0.000000000000000000e+00 0.000000000000000000e+00 0.000000000000000000e+00 0.000000000000000000e+00
0.000000000000000000e+00 -5.194002205399572236e-16 1.314208984375000000e+00 0.000000000000000000e+00 0.000000000000000000e+00 0.000000000000000000e+00 0.000000000000000000e+00
0.000000000000000000e+00 -5.194002205399572236e-16 1.314208984375000000e+00 0.000000000000000000e+00 0.000000000000000000e+00 0.000000000000000000e+00 0.000000000000000000e+00
0.000000000000000000e+00 -5.194002205399572236e-16 1.314208984375000000e+00 0.000000000000000000e+00 0.000000000000000000e+00 0.000000000000000000e+00 0.000000000000000000e+00
0.000000000000000000e+00 -5.194002205399572236e-16 1.314208984375000000e+00 0.000000000000000000e+00 0.000000000000000000e+00 0.000000000000000000e+00 0.000000000000000000e+00
0.000000000000000000e+00 -5.194002205399572236e-16 1.314208984375000000e+00 0.000000000000000000e+00 0.000000000000000000e+00 0.000000000000000000e+00 0.000000000000000000e+00
0.000000000000000000e+00 -5.194002205399572236e-16 1.314208984375000000e+00 0.000000000000000000e+00 0.000000000000000000e+00 0.000000000000000000e+00 0.000000000000000000e+00
0.000000000000000000e+00 -5.194002205399572236e-16 1.314208984375000000e+00 0.000000000000000000e+00 0.000000000000000000e+00 0.000000000000000000e+00 0.000000000000000000e+00
0.000000000000000000e+00 -5.194002205399572236e-16 1.314208984375000000e+00 0.000000000000000000e+00 0.000000000000000000e+00 0.000000000000000000e+00 0.000000000000000000e+00
0.000000000000000000e+00 -5.194002205399572236e-16 1.314208984375000000e+00 0.000000000000000000e+00 0.000000000000000000e+00 0.000000000000000000e+00 0.000000000000000000e+00
0.000000000000000000e+00 -5.194002205399572236e-16 1.314208984375000000e+00 0.000000000000000000e+00 0.000000000000000000e+00 0.000000000000000000e+00 0.000000000000000000e+00
0.000000000000000000e+00 -5.194002205399572236e-16 1.314208984375000000e+00 0.000000000000000000e+00 0.000000000000000000e+00 0.000000000000000000e+00 0.000000000000000000e+00
0.000000000000000000e+00 -5.194002205399572236e-16 1.314208984375000000e+00 0.000000000000000000e+00 0.000000000000000000e+00 0.000000000000000000e+00 0.000000000000000000e+00
