this is the caculated Trajectory to shut down the drone, the time between the steps is assumed to be 0.05
xCoordinates yCoordinates zCoordinates pitchRate
0.000000000000000000e+00
0.000000000000000000e+00
3.026415580070942468e-01
2.659195054147763249e-01
3.206847507213515525e-01
2.188015765924854195e-01
5.750859706390179515e-02
-2.523709236905286035e-03
7.532810960383926058e-02
9.964602128532756842e-02
1.061300253129787707e-01
5.499038839897468778e-02
8.349482052298629053e-02
1.611000498922904312e-02
7.465107111675445273e-02
6.592061008658056664e-02
2.571283332843149472e-02
9.508698338309945486e-02
1.968795151077742944e-01
8.410234114294451446e-02
1.390914421740094276e-01
1.853236326160273562e-01
2.470178138548814739e-01
2.364230100244901767e-01
3.220509991739411992e-01
2.202164524420291425e-01
2.645779802777270540e-01
2.955955886284733491e-01
3.717937248724145771e-01
4.350259596630873249e-01
4.066191334333241203e-01
3.822747721929620202e-01
3.027355651228680333e-01
5.082636178483768141e-01
3.666690643240189118e-01
3.244756981152419062e-01
3.418462703550129156e-01
4.157631906628678209e-01
5.034938027092883406e-01
4.692582427179392557e-01
2.105459787708419128e-01
4.105776727223742206e-01
3.308713418909048354e-01
3.648503645678724538e-01
4.965317170533345426e-01
5.050845213119581345e-01
4.715792500257820485e-01
4.954344114604358751e-01
4.922548467902343461e-01
3.148396322772772926e-01
2.607804790108425586e-01
2.548473514151194941e-01
2.031363572160760356e-01
2.686807047726702535e-01
3.122845580767519280e-01
2.730858436929595179e-01
3.884695865747045396e-01
2.714520567820333241e-01
2.957959498886109095e-01
2.785714353898716134e-01
2.391002671429953708e-01
3.189564007857814687e-01
3.325004474639770002e-01
3.117171799288898093e-01
2.857507351222388081e-01
2.705494948438480485e-01
2.993078895464229561e-01
2.958511896752824555e-01
3.144698065868389847e-01
3.299481820661642750e-01
3.266394124712013181e-01
3.434323076198309010e-01
3.387996556798533732e-01
3.217764387088228872e-01
3.911445030242832743e-01
3.990072780832809585e-01
7.961551287710921798e-01
7.922527655362854304e-01
7.640973271492601526e-01
5.615564361081704092e-01
4.584415434732846961e-01
4.415962173406917657e-01
4.074018531224554707e-01
5.071592902486976584e-01
5.124267316016339890e-01
3.798549886564073219e-01
3.901389516533182444e-01
3.882776517227037871e-01
3.333636861641897653e-01
3.152469086705478318e-01
3.451363145985597569e-01
2.934487270887897736e-01
3.190631352888440020e-01
3.274539652577379556e-01
3.306372749982200432e-01
3.306971961227489487e-01
3.320828721274304840e-01
3.223831400946597370e-01
3.148312058691393744e-01
3.119737172432701655e-01
3.439191667566143806e-01
3.057250674762101994e-01
3.101966813940215673e-01
3.020211929664018413e-01
3.460032983690597419e-01
3.247874752162926981e-01
3.264016005082348570e-01
3.240347160894296863e-01
3.127770348189562455e-01
3.120280207623737923e-01
3.250046892927027642e-01
3.210236795819554345e-01
3.398651281753473086e-01
3.181774261669367831e-01
3.284576440935582653e-01
3.300268285421070757e-01
3.398501478942117515e-01
3.261019948856036521e-01
3.413594112182316564e-01
3.506696559415845016e-01
3.371836578527709349e-01
3.373671662966382101e-01
3.436963350747745949e-01
3.273753187817973753e-01
3.338917410740815939e-01
3.241695386196141726e-01
3.207652697324370195e-01
3.368241311056063836e-01
3.425765590601859145e-01
3.208214457866809255e-01
3.434678857875184121e-01
3.417376633168078826e-01
3.145709234844762392e-01
3.331127664552369083e-01
3.286411525374255405e-01
3.434379252252561798e-01
3.507145967849734092e-01
3.405017901234419497e-01
3.463478448350887362e-01
3.347680875202918571e-01
3.327270242160906832e-01
3.504786573571561092e-01
3.516958051991014855e-01
3.231021935889799579e-01
3.174808430943087956e-01
3.398464028239267520e-01
3.351575748297186408e-01
3.466886462308327310e-01
3.238699329969740859e-01
3.500442292043359771e-01
3.128332108732045924e-01
3.273715737115079349e-01
3.754320606522743020e-01
3.526919938943606780e-01
3.499768179392415135e-01
3.702676087321243870e-01
3.449172279870094115e-01
3.825926350332231607e-01
3.547779980419552004e-01
3.566467881131263340e-01
3.383970606244446344e-01
3.023844647838380695e-01
3.694736538321485853e-01
3.201510782060346116e-01
3.242032442521569635e-01
3.505423235519611325e-01
3.353822790466853832e-01
3.358541579023377466e-01
3.435690026851556667e-01
3.359702550811061172e-01
